Total number of page faults for process with process id : 18576 is 8
Total number of page faults for process with process id : 18579 is 6
Total number of page faults for process with process id : 18581 is 7
Total number of page faults for process with process id : 18583 is 5
Total number of page faults for process with process id : 18585 is 10
Total number of page faults for process with process id : 18595 is 1
Total number of page faults for process with process id : 18597 is 9
Total number of page faults for process with process id : 18600 is 9
Total number of page faults for process with process id : 18602 is 5
Total number of page faults for process with process id : 19410 is 3


 Page fault sequence (pi,xi) : 
(18576,2)
(18576,0)
(18576,5)
(18576,6)
(18576,1)
(18576,7)
(18576,4)
(18576,3)
(18579,1)
(18579,3)
(18579,4)
(18579,6)
(18579,5)
(18579,0)
(18581,2)
(18581,4)
(18581,5)
(18581,6)
(18581,3)
(18581,1)
(18581,0)
(18583,0)
(18583,4)
(18583,3)
(18583,2)
(18583,1)
(18585,3)
(18585,6)
(18585,1)
(18585,2)
(18585,0)
(18585,8)
(18585,4)
(18585,5)
(18585,7)
(18585,9)
(18595,0)
(18597,3)
(18597,8)
(18597,6)
(18597,5)
(18597,0)
(18597,7)
(18597,2)
(18597,1)
(18597,4)
(18600,6)
(18600,5)
(18600,7)
(18600,1)
(18600,2)
(18600,0)
(18600,4)
(18600,8)
(18600,3)
(18602,0)
(18602,3)
(18602,4)
(18602,2)
(18602,1)
(19410,3)
(19410,2)
(19410,1)


 Global ordering (ti,pi,xi) : 
(0,18576,2)
(1,18576,2)
(2,18576,0)
(3,18576,0)
(4,18576,5)
(5,18576,5)
(6,18576,0)
(7,18576,6)
(8,18576,6)
(9,18576,2)
(10,18576,5)
(11,18576,1)
(12,18576,1)
(13,18576,7)
(14,18576,7)
(15,18576,1)
(16,18576,6)
(17,18576,1)
(18,18576,4)
(19,18576,4)
(20,18576,3)
(21,18576,3)
(22,18576,0)
(23,18576,7)
(24,18576,7)
(25,18576,6)
(26,18576,0)
(27,18576,7)
(28,18576,0)
(29,18576,7)
(30,18576,6)
(31,18576,0)
(32,18576,4)
(33,18576,1)
(34,18576,1)
(35,18576,3)
(36,18576,6)
(37,18576,4)
(38,18576,1)
(39,18576,0)
(40,18576,5)
(41,18576,6)
(42,18576,1)
(43,18576,3)
(44,18576,1)
(45,18576,6)
(46,18576,4)
(47,18576,0)
(48,18576,0)
(49,18576,2)
(50,18576,1)
(51,18576,4)
(52,18576,6)
(53,18576,2)
(54,18576,3)
(55,18576,5)
(56,18576,0)
(57,18576,4)
(58,18576,4)
(59,18576,0)
(60,18576,3)
(61,18576,2)
(62,18576,0)
(63,18576,0)
(64,18576,3)
(65,18576,2)
(66,18576,3)
(67,18576,1)
(68,18576,6)
(69,18576,4)
(70,18576,2)
(71,18576,3)
(72,18576,3)
(73,18576,3)
(74,18576,-9)
(75,18579,1)
(76,18579,1)
(77,18579,3)
(78,18579,3)
(79,18579,4)
(80,18579,4)
(81,18579,1)
(82,18579,6)
(83,18579,6)
(84,18579,6)
(85,18579,5)
(86,18579,5)
(87,18579,4)
(88,18579,0)
(89,18579,0)
(90,18579,1)
(91,18579,1)
(92,18579,0)
(93,18579,5)
(94,18579,6)
(95,18579,1)
(96,18579,0)
(97,18579,0)
(98,18579,1)
(99,18579,0)
(100,18579,4)
(101,18579,3)
(102,18579,4)
(103,18579,5)
(104,18579,-9)
(105,18581,2)
(106,18581,2)
(107,18581,4)
(108,18581,4)
(109,18581,4)
(110,18581,5)
(111,18581,5)
(112,18581,5)
(113,18581,6)
(114,18581,6)
(115,18581,5)
(116,18581,2)
(117,18581,3)
(118,18581,3)
(119,18581,1)
(120,18581,1)
(121,18581,4)
(122,18581,1)
(123,18581,1)
(124,18581,2)
(125,18581,5)
(126,18581,3)
(127,18581,5)
(128,18581,0)
(129,18581,0)
(130,18581,0)
(131,18581,4)
(132,18581,3)
(133,18581,1)
(134,18581,1)
(135,18581,1)
(136,18581,3)
(137,18581,1)
(138,18581,0)
(139,18581,-9)
(140,18583,0)
(141,18583,0)
(142,18583,0)
(143,18583,4)
(144,18583,4)
(145,18583,3)
(146,18583,3)
(147,18583,2)
(148,18583,2)
(149,18583,4)
(150,18583,1)
(151,18583,1)
(152,18583,0)
(153,18583,0)
(154,18583,2)
(155,18583,4)
(156,18583,1)
(157,18583,4)
(158,18583,4)
(159,18583,3)
(160,18583,4)
(161,18583,1)
(162,18583,4)
(163,18583,3)
(164,18583,0)
(165,18583,3)
(166,18583,3)
(167,18583,2)
(168,18583,4)
(169,18583,4)
(170,18583,2)
(171,18583,1)
(172,18583,3)
(173,18583,2)
(174,18583,2)
(175,18583,4)
(176,18583,2)
(177,18583,3)
(178,18583,0)
(179,18583,2)
(180,18583,0)
(181,18583,4)
(182,18583,4)
(183,18583,2)
(184,18583,2)
(185,18583,1)
(186,18583,4)
(187,18583,3)
(188,18583,3)
(189,18583,3)
(190,18583,1)
(191,18583,2)
(192,18583,2)
(193,18583,2)
(194,18583,2)
(195,18583,-9)
(196,18585,3)
(197,18585,3)
(198,18585,6)
(199,18585,6)
(200,18585,1)
(201,18585,1)
(202,18585,2)
(203,18585,2)
(204,18585,1)
(205,18585,0)
(206,18585,0)
(207,18585,6)
(208,18585,8)
(209,18585,8)
(210,18585,4)
(211,18585,4)
(212,18585,5)
(213,18585,5)
(214,18585,7)
(215,18585,7)
(216,18585,7)
(217,18585,7)
(218,18585,5)
(219,18585,4)
(220,18585,6)
(221,18585,1)
(222,18585,9)
(223,18585,9)
(224,18585,5)
(225,18585,9)
(226,18585,3)
(227,18585,3)
(228,18585,4)
(229,18585,6)
(230,18585,1)
(231,18585,4)
(232,18585,5)
(233,18585,5)
(234,18585,1)
(235,18585,4)
(236,18585,4)
(237,18585,4)
(238,18585,3)
(239,18585,6)
(240,18585,7)
(241,18585,4)
(242,18585,8)
(243,18585,3)
(244,18585,4)
(245,18585,4)
(246,18585,0)
(247,18585,1)
(248,18585,2)
(249,18585,7)
(250,18585,6)
(251,18585,8)
(252,18585,5)
(253,18585,7)
(254,18585,7)
(255,18585,1)
(256,18585,7)
(257,18585,0)
(258,18585,6)
(259,18585,1)
(260,18585,9)
(261,18585,0)
(262,18585,5)
(263,18585,4)
(264,18585,5)
(265,18585,7)
(266,18585,1)
(267,18585,0)
(268,18585,1)
(269,18585,4)
(270,18585,8)
(271,18585,0)
(272,18585,8)
(273,18585,8)
(274,18585,3)
(275,18585,2)
(276,18585,2)
(277,18585,3)
(278,18585,3)
(279,18585,6)
(280,18585,2)
(281,18585,2)
(282,18585,5)
(283,18585,8)
(284,18585,9)
(285,18585,4)
(286,18585,1)
(287,18585,8)
(288,18585,5)
(289,18585,7)
(290,18585,2)
(291,18585,6)
(292,18585,9)
(293,18585,9)
(294,18585,0)
(295,18585,5)
(296,18585,6)
(297,18585,3)
(298,18585,7)
(299,18585,0)
(300,18585,7)
(301,18585,7)
(302,18585,-9)
(303,18595,0)
(304,18595,0)
(305,18595,0)
(306,18595,0)
(307,18595,0)
(308,18595,0)
(309,18595,0)
(310,18595,-9)
(311,18597,3)
(312,18597,3)
(313,18597,8)
(314,18597,8)
(315,18597,6)
(316,18597,6)
(317,18597,3)
(318,18597,8)
(319,18597,5)
(320,18597,5)
(321,18597,3)
(322,18597,0)
(323,18597,0)
(324,18597,5)
(325,18597,5)
(326,18597,7)
(327,18597,7)
(328,18597,5)
(329,18597,5)
(330,18597,8)
(331,18597,3)
(332,18597,2)
(333,18597,2)
(334,18597,5)
(335,18597,1)
(336,18597,1)
(337,18597,1)
(338,18597,3)
(339,18597,8)
(340,18597,2)
(341,18597,5)
(342,18597,2)
(343,18597,4)
(344,18597,4)
(345,18597,0)
(346,18597,2)
(347,18597,1)
(348,18597,6)
(349,18597,0)
(350,18597,3)
(351,18597,7)
(352,18597,6)
(353,18597,0)
(354,18597,1)
(355,18597,4)
(356,18597,3)
(357,18597,4)
(358,18597,4)
(359,18597,8)
(360,18597,7)
(361,18597,1)
(362,18597,2)
(363,18597,2)
(364,18597,7)
(365,18597,3)
(366,18597,4)
(367,18597,1)
(368,18597,2)
(369,18597,3)
(370,18597,2)
(371,18597,1)
(372,18597,5)
(373,18597,6)
(374,18597,3)
(375,18597,8)
(376,18597,6)
(377,18597,6)
(378,18597,7)
(379,18597,1)
(380,18597,4)
(381,18597,1)
(382,18597,8)
(383,18597,0)
(384,18597,8)
(385,18597,0)
(386,18597,4)
(387,18597,2)
(388,18597,3)
(389,18597,6)
(390,18597,8)
(391,18597,8)
(392,18597,5)
(393,18597,2)
(394,18597,1)
(395,18597,3)
(396,18597,3)
(397,18597,-9)
(398,18600,6)
(399,18600,6)
(400,18600,6)
(401,18600,5)
(402,18600,5)
(403,18600,7)
(404,18600,7)
(405,18600,1)
(406,18600,1)
(407,18600,2)
(408,18600,2)
(409,18600,0)
(410,18600,0)
(411,18600,0)
(412,18600,6)
(413,18600,4)
(414,18600,4)
(415,18600,7)
(416,18600,7)
(417,18600,6)
(418,18600,8)
(419,18600,8)
(420,18600,6)
(421,18600,6)
(422,18600,5)
(423,18600,7)
(424,18600,1)
(425,18600,7)
(426,18600,8)
(427,18600,6)
(428,18600,6)
(429,18600,7)
(430,18600,2)
(431,18600,6)
(432,18600,0)
(433,18600,4)
(434,18600,1)
(435,18600,3)
(436,18600,3)
(437,18600,0)
(438,18600,7)
(439,18600,1)
(440,18600,5)
(441,18600,3)
(442,18600,2)
(443,18600,6)
(444,18600,3)
(445,18600,0)
(446,18600,3)
(447,18600,5)
(448,18600,5)
(449,18600,2)
(450,18600,3)
(451,18600,2)
(452,18600,8)
(453,18600,7)
(454,18600,7)
(455,18600,4)
(456,18600,7)
(457,18600,3)
(458,18600,3)
(459,18600,4)
(460,18600,0)
(461,18600,2)
(462,18600,6)
(463,18600,7)
(464,18600,0)
(465,18600,1)
(466,18600,8)
(467,18600,1)
(468,18600,8)
(469,18600,6)
(470,18600,0)
(471,18600,3)
(472,18600,0)
(473,18600,0)
(474,18600,0)
(475,18600,2)
(476,18600,0)
(477,18600,3)
(478,18600,5)
(479,18600,3)
(480,18600,5)
(481,18600,8)
(482,18600,5)
(483,18600,3)
(484,18600,5)
(485,18600,1)
(486,18600,7)
(487,18600,3)
(488,18600,4)
(489,18600,2)
(490,18600,7)
(491,18600,3)
(492,18600,-9)
(493,18602,0)
(494,18602,0)
(495,18602,3)
(496,18602,3)
(497,18602,4)
(498,18602,4)
(499,18602,2)
(500,18602,2)
(501,18602,2)
(502,18602,4)
(503,18602,4)
(504,18602,1)
(505,18602,1)
(506,18602,0)
(507,18602,0)
(508,18602,3)
(509,18602,-9)
(510,19410,3)
(511,19410,3)
(512,19410,3)
(513,19410,2)
(514,19410,2)
(515,19410,3)
(516,19410,1)
(517,19410,1)
(518,19410,1)
(519,19410,2)
(520,19410,1)
(521,19410,2)
(522,19410,2)
(523,19410,1)
(524,19410,3)
(525,19410,3)
(526,19410,-9)
